Castle
U5
69
2
Hall1
10 12 79 79 79 79 79 79 79 79 79 79 79 70 69 69 69 69 69 69 70 79 79 69 69 69 69 69 69 69 69 79 79 69 69 69 69 69 69 69 69 79 79 69 69 69 69 69 69 69 69 79 79 69 69 69 69 69 69 69 69 79 79 69 69 69 69 69 69 69 69 79 79 69 69 69 69 69 69 69 69 79 79 69 69 69 69 69 69 69 69 79 79 69 69 69 69 69 69 69 69 79 79 70 69 69 69 69 69 69 70 79 79 79 79 79 79 79 79 79 79 79 
4 n 4 0 s 4 11 w 0 5 e 9 5

Hall2
15 20 79 79 79 79 79 79 79 79 79 79 79 79 79 79 79 79 69 69 69 69 69 69 69 69 69 69 69 69 69 79 79 69 69 69 69 69 69 69 69 69 69 69 69 69 79 79 69 69 69 69 69 69 69 79 79 79 79 79 79 79 79 69 69 69 69 69 69 69 79 70 255 255 255 70 79 79 69 69 69 69 79 79 79 79 255 255 255 255 255 79 79 69 69 69 69 79 255 255 79 255 255 255 255 255 79 79 69 69 69 69 79 255 255 79 255 255 255 255 255 79 79 69 69 69 69 79 255 255 79 255 255 255 255 255 79 79 69 69 69 69 79 255 255 79 70 70 70 70 70 79 79 69 69 69 69 79 255 255 79 70 70 70 70 70 79 79 69 69 69 69 79 255 255 79 255 255 255 255 255 79 79 69 69 69 69 79 255 255 79 255 255 255 255 255 79 79 69 69 69 69 79 255 255 79 255 255 255 255 255 79 79 69 69 69 69 79 79 79 79 255 255 255 255 255 79 79 69 69 69 69 69 69 69 79 70 255 255 255 70 79 79 69 69 69 69 69 69 69 79 79 79 79 79 79 79 79 69 69 69 69 69 69 69 69 69 69 69 69 69 79 79 69 69 69 69 69 69 69 69 69 69 69 69 69 79 79 79 79 79 79 79 79 79 79 79 79 79 79 79 79
2 e 14 1 e 14 17